1684834729.1833813
1684834823.7476218
1684834884.9371223
1684834946.0521295
1684835007.0428414
1684835068.0289857
1684835128.9922836
1684835191.5130355
1684835253.028084
1684835314.3064542
1684835375.1906753
1684835436.1587718
1684835497.4944892
1684835558.551628
1684835619.5781715
1684835680.9838119
1684835742.1269553
1684835802.8958747
1684835863.5760791
1684835924.4646676
1684835985.509819
1684836046.3446133
1684836106.9564939
1684836168.2979934
1684836229.6717308
1684836290.457037
1684836351.4867256
1684836412.3618424
1684836473.2930331
1684836534.6648035
1684836595.577836
1684836656.7001767
1684836717.5722606
1684836778.168273
1684836838.7983336
1684836900.0734978
1684836961.1353877
1684837021.7852268
1684837082.7874067
1684837143.7045767
1684837204.6846988
1684837265.7175684
1684837327.0110233
1684837387.8387053
1684837448.544721
1684837509.20299
1684837580.1149645
1684837650.905784
1684837713.486653
1684837782.3192267
1684837852.9767113
1684837923.5572426
1684837994.0917625
1684838064.7174675
1684838135.6473417
1684838207.2270164
1684838269.2757292
1684838330.4730442
1684838392.089013
1684838453.2083414
1684838514.1892643
1684838574.9768343
1684838635.6898663
1684838696.3741212
1684838757.1095376
1684838818.4275985
1684838879.2432344
1684838939.8533597
1684839001.7165577
1684839062.7449613
1684839124.0627398
1684839185.0442424
1684839245.6635401
1684839306.6196544
1684839367.5368705
1684839428.2960906
1684839489.1493416
1684839549.9852746
1684839610.6503627
1684839671.2592242
1684839732.5410743
1684839793.5310943
1684839854.6915536
1684839916.4975257
1684839977.5170114
1684840040.2917047
1684840102.2474616
1684840163.162006
1684840224.7160025
1684840285.7713826
1684840346.4185555
1684840407.0605707
1684840468.185841
1684840529.010844
1684840589.5847754
1684840650.3843653
1684840712.2848048
1684840773.1109862
1684840833.7810187
1684840894.4611838
1684840955.2725563
1684841016.3720884
1684841077.954889
1684841139.1883605
1684841200.6283803
1684841262.3318622
1684841323.3428018
1684841384.1156104
1684841444.9177148
1684841505.6304562
1684841568.90119
1684841630.3318586
1684841692.4252298
1684841754.4677212
1684841816.8156264
1684841877.9167497
1684841938.73236
1684841999.6657975
1684842060.558782
1684842122.3855076
1684842183.6085277
1684842244.4958155
1684842305.2932594
1684842366.297474
1684842426.9158344
1684842488.1006021
1684842549.14191
1684842609.8624585
1684842670.5673401
1684842731.802139
1684842792.5903955
1684842853.4323852
1684842914.4068608
1684842975.4878378
1684843036.2287595
1684843097.0728216
1684843157.6601758
1684843218.881991
1684843280.2972383
1684843341.6564078
1684843403.2508953
1684843519.9552965
1684843580.9389083
1684843641.7370641
1684843702.4082558
1684843763.1120389
1684843824.0381377
1684843884.8550196
1684843945.8296256
1684844006.8280625
1684844067.4472232
1684844128.0035274
1684844189.4516404
1684844250.3313348
1684844311.08931
1684844372.3708587
1684844433.507475
1684844494.516614
1684844555.3051891
1684844615.9846613
1684844676.6141763
1684844737.6186514
1684844798.2984166
1684844859.478239
1684844920.4822948
1684844981.2329009
1684845043.2047324
1684845104.2254257
1684845164.9382458
1684845227.2001848
1684845289.283633
1684845351.1259637
1684845413.56719
1684845488.576446
1684845549.9893556
1684845611.3366117
1684845672.0404859
1684845732.869684
1684845793.7827663
1684845854.604461
1684845915.4290698
1684845976.2735054
1684846038.1330957
1684846099.1669688
1684846160.2616613
1684846221.2505875
1684846282.0137014
1684846342.8118443
1684846404.5471084
1684846465.3520656
1684846526.1291492
1684846586.8687296
1684846647.824912
1684846708.538804
1684846769.0923653
1684846830.2807932
1684846891.6304457
1684846952.5261645
1684847013.922663
1684847075.7186306
1684847136.6067717
1684847197.313004
1684847257.8917193
1684847392.1161594
1684847485.5591645
1684847546.6658273
1684847607.4287424
1684847668.1243558
1684847763.295525
1684847824.2809374
1684847885.2545404
1684847946.053689
1684848007.0859032
1684848067.9630275
1684848128.9312432
1684848189.7281551
1684848250.4399917
1684848311.1192296
1684848372.5392387
1684848433.8939133
1684848495.473941
1684848556.3948839
1684848617.0748744
1684848677.712574
1684848738.5743165
1684848799.5054088
1684848860.3039443
1684848922.1688237
1684848984.113454
1684849045.9835677
1684849107.4050174
1684849168.3345108
1684849271.6726868
1684849333.4650745
1684849394.1434329
1684849454.7841177
1684849518.0740178
1684849578.6982212
1684849639.7827802
1684849701.1985126
1684849762.1559424
1684849823.4878612
1684850298.4080334
1684850359.0592742
1684850419.5489297
1684850480.1863518
1684850541.1663551
1684850601.8158758
1684850662.6041043
1684850723.4967792
1684850784.318556
1684850845.0914197
1684850906.0676608
1684850966.6508613
