1684834729.8447096
1684834824.1206
1684834885.4453957
1684834946.4748054
1684835007.3760898
1684835068.4516335
1684835129.4765005
1684835192.2041073
1684835253.589398
1684835314.824432
1684835375.4957368
1684835436.6921785
1684835497.8546774
1684835558.8840256
1684835620.0025396
1684835681.661668
1684835742.4800758
1684835803.120442
1684835863.8049304
1684835924.9201818
1684835985.9537766
1684836046.5866778
1684836107.1973062
1684836169.053609
1684836230.0555613
1684836290.660088
1684836352.0701182
1684836412.5745857
1684836473.7060297
1684836535.2177837
1684836595.793543
1684836657.150087
1684836717.7806695
1684836778.4702244
1684836839.0180979
1684836900.6410491
1684836961.4158545
1684837022.0277407
1684837083.1873102
1684837144.0096176
1684837205.0456157
1684837266.2165296
1684837327.4685838
1684837388.15393
1684837448.8700995
1684838696.6075258
1684838757.4078288
1684838818.9315965
1684838879.4334083
1684838940.061458
1684839002.4295628
1684839062.9657667
1684839124.665287
1684839185.3415275
1684839245.865451
1684839307.1274383
1684839367.7762635
1684839428.5792782
1684839489.3948529
1684839550.3057644
1684839610.8895044
1684839671.4764524
1684839733.1992848
1684839793.7980053
1684839855.2998598
1684839917.1084542
1684839977.8284514
1684840041.8981616
1684840102.4810307
1684840163.4714837
1684840225.341751
1684840286.0190485
1684840346.7032003
1684840407.3082628
1684840468.5807135
1684840529.2472827
1684840589.80261
1684840651.8831391
1684840712.55105
1684840773.3726394
1684840834.1378984
1684840894.710461
1684840955.5494976
1684841016.8857582
1684841078.2576737
1684841139.7035134
1684841201.0819697
1684841262.9513671
1684841323.822934
1684841384.5047562
1684841445.2223425
1684841508.0556657
1684841569.4189253
1684841630.8921633
1684841693.2594297
1684841755.9891014
1684841817.254517
1684841878.329106
1684841938.9929743
1684842000.0632865
1684842061.8408165
1684842122.7099462
1684842184.03543
1684842244.7752671
1684842305.6699471
1684842366.5375512
1684842427.1154308
1684842488.680354
1684842549.39405
1684842610.166859
1684842670.7948637
1684842732.22421
1684842792.824961
1684842853.7910812
1684842914.9369256
1684842975.8174038
1684843036.5352023
1684843097.3611085
1684843157.897016
1684843219.589198
1684843280.769967
1684843342.1780882
1684843403.7085705
1684843520.601127
1684843581.144918
1684843642.0141995
1684843702.6861804
1684843763.3848426
1684843824.3270428
1684843885.2144463
1684843946.233142
1684844007.063143
1684844067.660808
1684844128.2218928
1684844189.8314624
1684844250.5930455
1684844311.4460297
1684844372.9163504
1684844433.8829226
1684844494.9131734
1684844555.540169
1684844616.2659953
1684844676.8575845
1684844737.9829412
1684844798.5412598
1684844860.0288477
1684844920.7908938
1684844982.505345
1684845043.6070695
1684845104.5172083
1684845165.2261045
1684845227.965296
1684845289.9642832
1684845352.8955169
1684845413.8651915
1684845488.9759603
1684845550.6492927
1684845611.7178187
1684845672.3537073
1684845733.1800523
1684845794.259161
1684845854.8287818
1684845915.7573888
1684845977.311619
1684846038.5005372
1684846099.5729122
1684846160.7869606
1684846221.5578682
1684846282.2800682
1684846343.916196
1684846404.8385828
1684846465.6329215
1684846526.4748507
1684846587.100442
1684846648.233337
1684846708.7509143
1684846769.3884754
1684846830.7896283
1684846892.1356912
1684846953.5166159
1684847015.1915383
1684847076.1821477
1684847136.880297
1684847197.5186145
1684847258.1719177
1684847392.340204
1684847486.0249805
1684847547.0461218
1684847607.6963158
1684847668.3304288
1684847763.5082507
1684847824.718154
1684847885.67182
1684847946.29454
1684848007.6520338
1684848068.1792371
1684848129.3639233
1684848189.9667041
1684848250.7274392
1684848311.3207595
1684848373.1460197
1684848434.3380032
1684848495.681939
1684848556.7749043
1684848617.3077903
1684848677.9982412
1684848738.8916569
1684848799.8558397
1684848860.6101387
1684848923.0439858
1684848984.9426386
1684849046.7204785
1684849107.8787355
1684849168.6002553
1684849272.9260395
1684849333.7861118
1684849394.3986862
1684849455.042855
1684849518.2784486
1684849579.0330706
1684849640.245214
1684849701.654998
1684849762.4978397
1684849824.8508806
1684850298.660104
1684850359.2869275
1684850419.6860101
1684850480.6203232
1684850541.5242815
1684850602.0720968
1684850663.0222666
1684850723.9859152
1684850784.531944
1684850845.545864
1684850906.349657
1684850966.8109045
